-2.85083624904611	-2.57306543463099	-0.530858850091248	-3.25416536194501
-0.185618131135289	0.0614682821309577	0.0765964934962489	0.0565049524763385
0.115201893177444	-0.159452494223073	-0.176980407313638	0.177189564854444
-0.0559459680562451	-0.135594366923751	0.301821101180127	-0.0958415555632798
-0.0405509515820091	-0.113005826311620	-0.102403537124853	0.222715095835709
0.186175710775784	-0.0617812462618641	-0.0774188286716385	-0.0559600364494636
-0.186946896209395	0.0620079872719754	0.0781229189859324	0.0558488730139209
-0.129618550770643	-0.242575295549715	0.213588082095542	0.139893252236333
0.185756096183314	-0.0616122312414441	-0.0769247140358115	-0.0561698828201878
-0.0382031792638754	-0.113774294362477	-0.103337068532583	0.221939562156088
-0.0978664952465734	0.181255714954024	-0.226130645153925	0.139539667835441
-0.0997131903441754	0.181959885870853	-0.225239764400862	0.139829784604301
0.114204515983650	-0.158895694064298	-0.176328640891049	0.177228118205547
-0.0985659510331070	0.181521085558630	-0.225794093600569	0.139653413192939
-0.0549095806663166	-0.135906672060366	0.301203335398283	-0.0960280185742471
0.0991367184246851	-0.181788540419280	0.225397477473117	-0.139611259794266
-0.0997823328917187	0.181986346596972	-0.225206377973698	0.139839809137954
-0.0987989892329953	0.181609879892613	-0.225690237131503	0.139694915790548
0.129383008924357	0.242540619414827	-0.213443462857275	-0.139869422888203
0.129103398255472	0.242630330645916	-0.213261906609078	-0.139836800001877
0.186356710072038	-0.0618587258886745	-0.0776385990285662	-0.0558653440054388
0.128531735822856	0.242794986775563	-0.212900497892924	-0.139772585724801
-0.0461901775726901	-0.111182188783564	-0.100216034777697	0.224548121734018
0.117844625188042	-0.160157846555201	-0.178558001216545	0.176682115398809
-0.185774975127333	0.0615300097396951	0.0767714029340055	0.0564360781373164
0.186494513992942	-0.0619171446848661	-0.0778010839614205	-0.0557914271555861
0.128402400611040	0.242878505752132	-0.212790732509562	-0.139713098846975
-0.0407945876489075	-0.112926956540174	-0.102307964062994	0.222794449292592
-0.100047773116158	0.182088564813246	-0.225077512780439	0.139878189150982
0.117434545685907	-0.160049450837213	-0.178310139896494	0.176752298787634
0.116570224128377	-0.159817238134163	-0.177791331376407	0.176903165570335
0.0991640343901665	-0.181798698609935	0.225384675169340	-0.139615012309999
0.0979893770971009	-0.181347537170285	0.225949771506185	-0.139432896134102
0.185636056039347	-0.0615620471500268	-0.0768014464773553	-0.0562231153069649
0.185216889089860	-0.0613999721367851	-0.0763177644380463	-0.0564138772151477
-0.130830921318162	-0.242144720595954	0.214241576061915	0.140124405758757
0.185541403000876	-0.0615266143517505	-0.0766943785424957	-0.0562727949062475
-0.129149094827415	-0.242711590156547	0.213328109885468	0.139847838863788
-0.0422403269648095	-0.112456801152681	-0.101739066110039	0.223267454828375
0.186190240207163	-0.0617893159579558	-0.0774256208572427	-0.0559555016792991
0.185546260183481	-0.0615264304493122	-0.0766967553565812	-0.0562650122053172
-0.117891428855054	0.160164612429279	0.178453841036428	-0.176596569868423
0.0978646228441548	-0.181292359011718	0.226010306342000	-0.139405574721969
0.186206732228096	-0.0617968357869971	-0.0774648809335054	-0.0559443139618960
0.117656103931815	-0.160107223187583	-0.178444960555708	0.176713883541652
-0.185838680516981	0.0615528709833559	0.0768426176337032	0.0564054644878143
0.186296283671082	-0.0618315785883697	-0.0775583639480320	-0.0558979476415325
-0.118437062470047	0.160307708312774	0.178786868795487	-0.176504423966919
-0.186134869854504	0.0616418208177580	0.0771631222037322	0.0562691643761958
0.185688443889035	-0.0615993060089345	-0.0768157606894836	-0.0562171137364058
0.117440994115376	-0.160049489979297	-0.178315354712359	0.176751253552840
0.115871975405870	-0.159632765577194	-0.177372970509321	0.177029242665297
0.0990240883381234	-0.181744325430268	0.225452602048574	-0.139594059779567
-0.0403734636272258	-0.113064153231974	-0.102473323339633	0.222656557803060
-0.186915143296823	0.0619942388059004	0.0780851118770176	0.0558664677811532
-0.0445746836977145	-0.111696073198617	-0.100827793714088	0.224029631691028
0.0390265992254416	0.113456084350099	0.102982196091813	-0.222143647874429
-0.0379164393117575	-0.113869152058111	-0.103452806782334	0.221843127069042
0.0395022187845702	0.113292385037452	0.102786505731420	-0.222309032630628
-0.0991404980689445	0.181740280568339	-0.225516895944025	0.139743717829019
0.116105776518079	-0.159694314667455	-0.177509973133898	0.176983128316602
0.130247126949831	0.242279174032233	-0.213997276032120	-0.139961801043249
-0.0435950854151521	-0.112014461867710	-0.101208444173194	0.223711142326420
0.185712716370534	-0.0615938708206014	-0.0768774959928556	-0.0561896457141329
0.186033666088104	-0.0617234852480932	-0.0772451317619223	-0.0560377922949092
0.0398802876611718	0.113161841481879	0.102627172719040	-0.222445122755510
0.186460639991878	-0.0619008938171236	-0.0777552948358063	-0.0558097789277882
-0.0991696894286566	0.181745010024636	-0.225496657228188	0.139745751167018
0.184772670763630	-0.0612312139539036	-0.0758541230397148	-0.0565974673512444
0.185873774236958	-0.0616575112179383	-0.0770687725482765	-0.0561107877296318
0.0979926114964133	-0.181342194997549	0.225960308971280	-0.139420101537928
-0.185433231517539	0.0613964523228704	0.0763913162980884	0.0565837967288513
0.185379630566653	-0.0614611138358913	-0.0765079911246936	-0.0563403644373307
0.186294653847624	-0.0618308208034519	-0.0775582406659395	-0.0558983218720717
0.185737539644349	-0.0616042922977549	-0.0769238555232549	-0.0561755267517368
-0.0372270736740718	-0.114095470085409	-0.103729841828773	0.221614254721211
0.116436691157603	-0.159787100048700	-0.177700413564091	0.176924417718316
0.185205319626080	-0.0614016031306957	-0.0763242459685526	-0.0564261976885263
-0.186155127908272	0.0616797361125910	0.0772009502819095	0.0562583196951955
0.185973593350422	-0.0616982019712573	-0.0771831574857441	-0.0560620685514594
-0.0994059967432145	0.181841670081238	-0.225388867274358	0.139783759245563
-0.0428784554193342	-0.112248252693077	-0.101488922563651	0.223476686174708
0.129295027938287	0.242566577603719	-0.213387781882747	-0.139860181737958
-0.117167207871886	0.159971723499135	0.178015636424915	-0.176720479047262
-0.0245976480810266	0.284905044133314	-0.133931956623120	-0.0968448839776452
0.118072282521716	-0.160218469077191	-0.178695584047939	0.176643142651785
-0.130281718077462	-0.242310405621664	0.213889105801703	0.140069312482958
0.117307101056021	-0.160015146018825	-0.178233175636874	0.176774385858168
0.186426262243355	-0.0618862679950828	-0.0777120005092537	-0.0558287544739283
0.129222045758728	0.242589078609732	-0.213340249525078	-0.139851471047493
-0.129706931568474	-0.242485412859009	0.213518138466800	0.140006932804260
0.128569115533737	0.242784336804031	-0.212924150926569	-0.139776429578301
0.128442972958914	0.242847943242555	-0.212869151146789	-0.139720839435366
-0.118279647290024	0.160265885554970	0.178691597211309	-0.176531368145468
-0.0987913922827889	0.181606822680952	-0.225685551033355	0.139689161721553
0.185976888619668	-0.0617001062219434	-0.0771834074568878	-0.0560612449130125
0.185485300861201	-0.0615080815873408	-0.0766459130660992	-0.0562937268220494
-0.0989616566016840	0.181680536054433	-0.225610710587576	0.139720596372976
-0.0994325389097645	0.181852059896382	-0.225375603714622	0.139787998752848
0.185449451266885	-0.0614882440765296	-0.0765884716272937	-0.0563088072085106
-0.130314973036003	-0.242301142940310	0.213911816428643	0.140072049207173